0000000000000000000000000000000000000000000000000000
0000000000011110000000000000000000000000000000000000
0000000000111111000000000000000000000000000000111100
0000000001111111100000000000000000000000000000111100
0000000011110011110000000000011111111111110000111100
0000000111100001111000000000000000000011110000111100
0000001111000000111100000000000000000011110000111100
0000011110000000011110000000000000000011110000111100
0000111100000000001111000000011111111111110000111100
0000000000000000000000000000011110000000000000111100
0011111111111111111111110000011110000000000000111100
0000000000000000000000000000011110000000000000111100
0000000011111111110000000000011111111111110000111100
0000001111000000111100000000000000000000000000111100
0000111100000000001111000000000000000000000000111100
0000111100000000001111000000000000000000000000111100
0000001111000000111100000000000000000000000000111100
0000000011111111110000000000000000000000000000000000
0000000000000000000000000000000000000000000000000000
0000000000000000000000000000000000000000000000000000
